# Created by Octave 4.2.1, Fri Feb 02 00:08:48 2018 GMT <unknown@unknown>
# name: correct
# type: matrix
# rows: 60
# columns: 1
 1
 1
 0
 0
 1
 1
 1
 0
 0
 1
 0
 1
 0
 1
 1
 0
 1
 1
 1
 0
 0
 1
 0
 1
 1
 0
 1
 0
 0
 0
 0
 1
 0
 0
 0
 1
 1
 1
 0
 1
 0
 1
 1
 1
 0
 0
 0
 1
 1
 0
 0
 1
 0
 1
 0
 0
 1
 0
 0
 0


# name: resp
# type: matrix
# rows: 60
# columns: 1
 2
 2
 2
 2
 2
 2
 1
 1
 1
 1
 2
 2
 1
 2
 1
 1
 1
 1
 2
 1
 2
 1
 2
 1
 2
 1
 1
 1
 1
 2
 1
 2
 1
 2
 1
 2
 2
 1
 2
 1
 2
 1
 2
 1
 2
 1
 2
 1
 2
 1
 2
 1
 2
 1
 2
 1
 2
 1
 2
 1


# name: respTimes
# type: matrix
# rows: 60
# columns: 1
 0.3729015571298078
 0.02030798757914454
 0.06846991091151722
 0.05471229390241206
 0.07485862841713242
 0.06145168730290607
 0.01821419544285163
 0.0985104396531824
 0.05127182049909607
 0.06621018919395283
 0.07234231449547224
 0.05684329188079573
 0.01413651814800687
 0.01860678146476857
 0.0201403473620303
 0.1110984240658581
 0.03224123429390602
 0.09630845114588737
 0.01307593716774136
 0.02485736683593132
 0.03070082594058476
 0.007442028349032626
 0.01967805379536003
 0.01290829695062712
 0.01420109387254342
 0.01875261135865003
 0.1215725165966433
 0.06287748450995423
 0.05772468601935543
 0.02012837305665016
 0.02612193860113621
 0.04291375810862519
 0.02058467947063036
 0.03723622858524323
 0.006989570829318836
 0.03207102813757956
 0.09193740348564461
 0.007290211302461103
 0.0198281602060888
 0.03873943109647371
 0.007810665760189295
 0.0618207523948513
 0.03773316208389588
 0.02008047586423345
 0.0755065236298833
 0.02574688638560474
 0.05489575729006901
 0.01472967374138534
 0.06406422329018824
 0.02105467082583345
 0.07806431996868923
 0.02036272725672461
 0.0509036107105203
 0.04319087762269191
 0.0554983212496154
 0.04241468629334122
 0.06750255843508057
 0.02574517574976198
 0.03659474817686714
 0.02651880113990046


# name: trialInfo
# type: matrix
# rows: 60
# columns: 2
 2 5
 2 2
 1 2
 1 4
 2 3
 2 1
 1 5
 2 2
 2 2
 1 4
 1 5
 2 3
 2 2
 2 6
 1 5
 2 6
 1 4
 1 6
 2 4
 2 3
 1 1
 1 6
 1 6
 1 6
 2 3
 2 6
 1 1
 2 2
 2 5
 1 6
 2 4
 2 6
 2 4
 1 3
 2 6
 2 4
 2 5
 1 1
 1 4
 1 2
 1 4
 1 2
 2 1
 1 2
 1 5
 2 1
 1 5
 1 1
 2 5
 2 5
 1 3
 1 3
 1 2
 1 3
 1 3
 2 3
 2 4
 2 1
 1 1
 2 1


